$ANSIBLE_VAULT;1.1;AES256
33653536383633633731353736646632663239636632303961643139653433306661623139313665
3732643761393235363264633462623861323561313039660a643432623264383166386230396630
31626565343234653430323936633637613739323833383738336631376332343263613539353733
3639656363613632390a326538656664616263336536356364343464633361383636316563643166
66336630613939613863353838356161663331643630363966346262376161666534316237663035
62613135326166613134363737633033356130303939653433373836613932366563363732303232
63326631376635343034356639386466396665653534326335343736663632363261326239373431
39353563366661366462643234313564656662393166656639363562643939333530393663373131
66383532643864396439303532353031383435643435366432613234643736643239373435643334
31316130636363653264643634323239653134643031346665313161646462333736373764343363
39363932316132383236333239643034353365636531633632313334656530303736383733336165
34626532633166376334626432383362333136373963643734353330656534633536316362306135
39653435626361366536356534363839353234373838343161313037333734376135656164396666
35363239323739613439353766666466613531663131613565343561316338303164383036666465
38306362613630613466396364366461663439636461393363323434313334316536363764646530
64623566646365643738393037376439656534623033333761333733383239643865323531363564
38383231633334306562393361353434323564666537663531653763646339313239626431633133
37386231646132633434306564636264643133336632313063356265633030636161323730316537
33383561663461623937396336393030323339313237386532396537666165653561653736343937
37643630393633643962633935616132386233313138366430663932346234316432393330363238
34353663356539623332663633633865336564303235343864346335323864363731326235376561
37636134613965636465613630326538346661663265613461316336653731393764653363326535
36626561313131613139323966366439653966373361653065356134626438666538626363376439
61653763373666353333306164316661333332613634656435656437393834393563346232626332
63353863356631383066366265373465393237613637376232323564663232396465386538653561
31656365343431353335356338326637313566623862653561383338643461373137626235313530
35323363623536303637666532393633666635633934343366616339643133623330356632343661
32656135656635366138313864353035653333383830666430393038346465306530353637663839
37623939666636356430333832373635373161363930376266373466623838326462366536306361
65343437613835653435363261613465393366323037313930666633656565633064383630623436
38663732613066623630363238666632333866316434386266363530366233373437623334313839
39316539306434333061393430643661663833653537303237313161306636653332636230646431
36366532623566336463353431633739643032333431336538623837653765623661356636623232
35626163313466623330386434303431613230376433646266326161623133613230323733306130
61336238653830326662656437663033653563333364653236303863333861663662646465646465
30353131623537613136353735393761613763383535333962326166346539316533373738383161
62363865326662613436613034303038623162366434333664613430666164643837663033376366
38353430626530616335386462646436323833393338363165366234373035313639323639366639
31643335666430383566386637653835363338346337303939396531623235363833646261303363
66663739326134333566313535633332303431393033663066396337306630356664363837666631
30623630306539323233393137363532383934643137323236656565373262613938666564653635
39613432313863343736303764333065633336646265663063343362363135636230643138393361
65633236326561326163363434333366313531636433376563316636633435633933323337363065
61393064346262323361663835353336373432656532373634376335326135613261373432613736
64356662396634333865383465343735613737616564326263616335353136333962313930363265
32343063346266623364386137613239393462613161336634306232633030656135376230356139
64643663353035346134366338623138356634326633663261653836653537316261666463393961
36386138336263313137633937343536336665643839613133303131306662306464613832623539
62316365383365313033653230646633303061653163326365646436616435343762623331353431
30663361373834623235333830613835646433623865343632313263356164363766333461313830
61333565363037363234656666633065306462353664373230396638646235633331326663383532
62363531376365393663383831613832363062323231623862383464303938346661643139613033
66346462643066666237376662393762303137303662366134366134303232616466656631353139
61363839333037313938373837376439653535633931353462663763616464383366363961323664
61373566616137623239663931306335646363336162393230656638313563616531623436313361
33363637343438393738326566373961653365356438373235343137616237373462653930376265
35353930383433663030396531363835646537366663663431346632313634623631393937396238
32303130666464623832316565663030333838663462653066333330636535356465396134663735
66393533386433356233636365323332656662343730633431623134636533656166383331653237
33333564383839343231643831363362643161666539623865636232326638373837373635663965
35393961663664663433303162306464663530323037323334376131656563663338346534346137
34346635323237363135656532333364323565396434633662373436383533303663636637343535
35663562363966653766376538393135653262366630613462303732316131616531613336373639
35373434346237313235396164666530303165623336373030653261663435366365346231396136
66393765336533636661633966316434646134306265383736366135666566363561636662326462
36613962333838333336373137643635323161326538353132396636623238333232346666326635
38646637336564363339656530333936613331366135363563383430646163653532316638636339
64393366333266313962396164313031633365336337363133653838643832333535373436663764
39356638633839393732653361373733656632393264343832303136666330653837356535313333
61303431353164386437636261343561643339316165303030663763326636396439336331396535
33643934383162373730343438396161333538373537613665646164613438653838303066633135
63353061336561663039646331646634373137616636343539643230643032353264306465323238
33343962366436393465636234646530393766623466656564386633363462333963633662333564
33383330386461393933663732656433343662646332336662303539326466366139303065643262
38326535623535373465393833303065653963323334656639383764393437373062646338616363
62303532666337656132313661626232646133313164366537303737303166663535613962336462
34656261363336626133386434613463356632626533316363633137363837333636646634353735
31396563386433376663386661356231646435303533653633316464373261333734643363346163
62613962343732303031393962616562373831346265313361376661633861633265663939323831
66363866363261346562343938333733646334643565306533353863336331353030373432636533
33333837646136393264353036616334653263396236613630616335366333643161353638636239
65353936643933623132356532656139633632383361336361356636326339616438383637633030
64353539643535383130356534303537396536306666653765316565316539363635323436636162
38613338653435383232316132633465373232366163353765303631646461623635303762613662
32303261396262336334346334666339356133346165386261626432303436633535663431323931
66306262333131616265363234663831383263353835306338343336653861613831346533333037
39373965666239613465633438353461366164393063366434366661313037366439656137643339
66323766363932343338363130663936313633343264636532626466343334626235623637396130
61396661383330396536623131613133623461383361623166373730343631326137613633613336
66376138653463623833653330623735316131336336386539306464653337333033613037636637
61346535363337656234663539653862373131626132653934656330643231303230626437613533
61643963616263383339613661313434393839393436633535386437626537656264343666366438
3638
